rep_idx,acc,asr,initial_acc,initial_asr,input_tokens,output_tokens,total_time_sec,defense_method,gamma,attack_method,attackpos,model_name,dataset_name,dataset_size
0,0.626,0.236,0.624,0.236,950052,30788,3658.67,keyword,1.0,Poison,0,gpt-4o,triviaqa_sorted,500
